0.000000 0.000000 -0.000000 -0.000020 0.000000 -0.000880 2 1.570796 6.150000 12 -1.570796 3.400000 9
0.012800 0.000000 -0.000000 -0.000030 0.000000 -0.000880 2 1.570796 6.150000 2 -1.570796 3.400000 7
0.029100 0.000000 -0.000000 -0.000050 0.000000 -0.000880 2 1.570796 6.150000 12 -1.570796 3.400000 9
0.045800 0.000000 -0.000000 -0.000060 0.000000 -0.000880 2 1.570796 6.150000 2 -1.570796 3.400000 7
0.062400 0.000000 -0.000000 -0.000080 0.000000 -0.000880 2 1.570796 6.150000 12 -1.570796 3.400000 9
0.079300 0.000000 -0.000000 -0.000090 0.000000 -0.000880 2 1.570796 6.150000 2 -1.570796 3.400000 7
0.096100 0.000000 -0.000000 -0.000110 0.000000 -0.000880 2 1.570796 6.150000 12 -1.570796 3.400000 9
0.112500 0.000000 -0.000000 -0.000120 0.000000 -0.000880 2 1.570796 6.150000 2 -1.570796 3.400000 7
0.129400 0.000000 -0.000000 -0.000130 0.000000 -0.000880 2 1.570796 6.150000 12 -1.570796 3.400000 9
0.145900 0.000000 -0.000000 -0.000150 0.000000 -0.000880 2 1.570796 6.150000 2 -1.570796 3.400000 7
0.163000 0.000000 -0.000000 -0.000170 0.000000 -0.000880 2 1.570796 6.150000 12 -1.570796 3.400000 9
0.179400 0.000000 -0.000000 -0.000180 0.000000 -0.000880 2 1.570796 6.150000 2 -1.570796 3.400000 7
0.196000 0.000000 -0.000000 -0.000200 0.000000 -0.000880 2 1.570796 6.150000 12 -1.570796 3.400000 9
0.212900 0.000000 -0.000000 -0.000210 0.000000 -0.000880 2 1.570796 6.150000 2 -1.570796 3.400000 7
0.229600 0.000000 -0.000000 -0.000230 0.000000 -0.000880 2 1.570796 6.150000 12 -1.570796 3.400000 9
0.246100 0.000000 -0.000000 -0.000240 0.000000 -0.000880 2 1.570796 6.150000 2 -1.570796 3.400000 7
0.262700 0.000000 -0.000000 -0.000250 0.000000 -0.000880 2 1.570796 6.150000 12 -1.570796 3.400000 9
0.283000 0.000000 -0.000000 -0.000270 0.000000 -0.000880 2 1.570796 6.150000 2 -1.570796 3.400000 7
0.296200 0.000000 -0.000000 -0.000280 0.000000 -0.000880 2 1.570796 6.150000 12 -1.570796 3.400000 9
0.313000 0.000000 -0.000000 -0.000300 0.000000 -0.000880 2 1.570796 6.150000 2 -1.570796 3.400000 7
0.329400 0.000000 -0.000000 -0.000310 0.000000 -0.000880 2 1.570796 6.150000 12 -1.570796 3.400000 9
0.346300 0.000000 -0.000000 -0.000330 0.000000 -0.000880 2 1.570796 6.150000 2 -1.570796 3.400000 7
0.363000 0.000000 -0.000000 -0.000340 0.000000 -0.000880 2 1.570796 6.150000 12 -1.570796 3.400000 9
0.379300 0.000000 -0.000000 -0.000360 0.000000 -0.000880 2 1.570796 6.150000 2 -1.570796 3.400000 7
0.396500 0.000000 -0.000000 -0.000370 0.000000 -0.000880 2 1.570796 6.150000 12 -1.570796 3.400000 8
0.414300 0.000000 -0.000000 -0.000390 0.000000 -0.000880 2 1.570796 6.150000 2 -1.570796 3.400000 7
0.429700 0.000000 -0.000000 -0.000400 0.000000 -0.000880 2 1.570796 6.150000 12 -1.570796 3.400000 8
0.446300 0.000000 -0.000000 -0.000420 0.000000 -0.000880 2 1.570796 6.150000 2 -1.570796 3.400000 7
0.462800 0.000000 -0.000000 -0.000430 0.000000 -0.000880 2 1.570796 6.150000 12 -1.570796 3.400000 8
0.479400 0.000000 -0.000000 -0.000450 0.000000 -0.000880 2 1.570796 6.150000 2 -1.570796 3.400000 7
0.496200 0.000000 -0.000000 -0.000460 0.000000 -0.000880 2 1.570796 6.150000 12 -1.570796 3.400000 8
0.513000 0.000000 -0.000000 -0.000480 0.000000 -0.000880 2 1.570796 6.150000 2 -1.570796 3.400000 7
0.529800 0.000000 -0.000000 -0.000490 0.000000 -0.000880 2 1.570796 6.150000 12 -1.570796 3.400000 8
0.546200 0.000000 -0.000000 -0.000510 0.000000 -0.000880 2 1.570796 6.150000 2 -1.570796 3.400000 7
0.562900 0.000000 -0.000000 -0.000520 0.000000 -0.000880 2 1.570796 6.150000 12 -1.570796 3.400000 8
0.579600 0.000000 -0.000000 -0.000540 0.000000 -0.000880 2 1.570796 6.150000 2 -1.570796 3.400000 7
0.596200 0.000000 -0.000000 -0.000550 0.000000 -0.000880 2 1.570796 6.150000 12 -1.570796 3.400000 8
0.612800 0.000000 -0.000000 -0.000570 0.000000 -0.000880 2 1.570796 6.150000 2 -1.570796 3.400000 7
0.629700 0.000000 -0.000000 -0.000580 0.000000 -0.000880 2 1.570796 6.150000 12 -1.570796 3.400000 8
0.646400 0.000000 -0.000000 -0.000600 0.000000 -0.000880 2 1.570796 6.150000 2 -1.570796 3.400000 7
0.662700 0.000000 -0.000000 -0.000610 0.000000 -0.000880 2 1.570796 6.150000 12 -1.570796 3.400000 8
0.680000 0.000000 -0.000000 -0.000630 0.000000 -0.000880 2 1.570796 6.150000 2 -1.570796 3.400000 7
0.696300 0.000000 -0.000000 -0.000640 0.000000 -0.000880 2 1.570796 6.150000 12 -1.570796 3.400000 8
0.716500 0.000000 -0.000000 -0.000660 0.000000 -0.000880 2 1.570796 6.150000 2 -1.570796 3.400000 7
0.729300 0.000000 -0.000000 -0.000670 0.000000 -0.000880 2 1.570796 6.150000 12 -1.570796 3.400000 8
0.746000 0.000000 -0.000000 -0.000690 0.000000 -0.000880 2 1.570796 6.150000 2 -1.570796 3.400000 7
0.762700 0.000000 -0.000000 -0.000700 0.000000 -0.000880 2 1.570796 6.150000 12 -1.570796 3.400000 8
0.781600 0.000000 -0.000000 -0.000720 0.000000 -0.000880 2 1.570796 6.150000 2 -1.570796 3.400000 7
0.796200 0.000000 -0.000000 -0.000730 0.000000 -0.000880 2 1.570796 6.150000 12 -1.570796 3.400000 8
0.812700 0.000000 -0.000000 -0.000750 0.000000 -0.000880 2 1.570796 6.150000 2 -1.570796 3.400000 7
0.829400 0.000000 -0.000000 -0.000760 0.000000 -0.000880 2 1.570796 6.150000 12 -1.570796 3.400000 8
0.846200 0.000000 -0.000000 -0.000780 0.000000 -0.000880 2 1.570796 6.150000 2 -1.570796 3.400000 7
0.862800 0.000000 -0.000000 -0.000790 0.000000 -0.000880 2 1.570796 6.150000 12 -1.570796 3.400000 8
0.879300 0.000000 -0.000000 -0.000810 0.000000 -0.000880 2 1.570796 6.150000 2 -1.570796 3.400000 7
0.895700 0.000000 -0.000000 -0.000820 0.000000 -0.000880 2 1.570796 6.150000 12 -1.570796 3.400000 8
0.912200 0.000000 -0.000000 -0.000840 0.000000 -0.000880 2 1.570796 6.150000 2 -1.570796 3.400000 7
0.929100 0.000000 -0.000000 -0.000850 0.000000 -0.000880 2 1.570796 6.150000 12 -1.570796 3.400000 8
0.945400 0.000000 -0.000000 -0.000870 0.000000 -0.000880 2 1.570796 6.150000 2 -1.570796 3.400000 7
0.962200 0.000000 -0.000000 -0.000880 0.000000 -0.000880 2 1.570796 6.150000 12 -1.570796 3.400000 8
0.978700 0.000000 -0.000000 -0.000900 0.000000 -0.000880 2 1.570796 6.150000 2 -1.570796 3.400000 7
0.995800 0.000000 -0.000000 -0.000910 0.000000 -0.000880 2 1.570796 6.150000 12 -1.570796 3.400000 8
1.012600 0.000000 -0.000000 -0.000930 0.000000 -0.000880 2 1.570796 6.150000 2 -1.570796 3.400000 7
1.029400 0.000000 -0.000000 -0.000940 0.000000 -0.000880 2 1.570796 6.150000 12 -1.570796 3.400000 8
1.046200 0.000000 -0.000000 -0.000960 0.000000 -0.000880 2 1.570796 6.150000 2 -1.570796 3.400000 7
1.063200 0.000000 -0.000000 -0.000970 0.000000 -0.000880 2 1.570796 6.150000 12 -1.570796 3.400000 8
1.079400 0.000000 -0.000000 -0.000990 0.000000 -0.000880 2 1.570796 6.150000 2 -1.570796 3.400000 7
1.096200 0.000000 -0.000000 -0.001000 0.000000 -0.000880 2 1.570796 6.150000 12 -1.570796 3.400000 8
1.113100 0.000000 -0.000000 -0.001020 0.000000 -0.000880 2 1.570796 6.150000 2 -1.570796 3.400000 7
1.130100 0.000000 -0.000000 -0.001030 0.000000 -0.000880 2 1.570796 6.150000 12 -1.570796 3.400000 8
1.146600 0.000000 -0.000000 -0.001050 0.000000 -0.000880 2 1.570796 6.150000 2 -1.570796 3.400000 7
1.163000 0.000000 -0.000000 -0.001060 0.000000 -0.000880 2 1.570796 6.150000 12 -1.570796 3.400000 8
1.179500 0.000000 -0.000000 -0.001080 0.000000 -0.000880 2 1.570796 6.150000 2 -1.570796 3.400000 7
1.196800 0.000000 -0.000000 -0.001090 0.000000 -0.000880 2 1.570796 6.150000 12 -1.570796 3.400000 8
1.213100 0.000000 -0.000000 -0.001110 0.000000 -0.000880 2 1.570796 6.150000 2 -1.570796 3.400000 7
1.229700 0.000000 -0.000000 -0.001120 0.000000 -0.000880 2 1.570796 6.150000 12 -1.570796 3.400000 8
1.246300 0.000000 -0.000000 -0.001140 0.000000 -0.000880 2 1.570796 6.150000 2 -1.570796 3.400000 7
1.262600 0.000000 -0.000000 -0.001150 0.000000 -0.000880 2 1.570796 6.150000 12 -1.570796 3.400000 8
1.279900 0.000000 -0.000000 -0.001170 0.000000 -0.000880 2 1.570796 6.150000 2 -1.570796 3.400000 7
1.296300 0.000000 -0.000000 -0.001180 0.000000 -0.000880 2 1.570796 6.150000 12 -1.570796 3.400000 8
1.312800 0.000000 -0.000000 -0.001200 0.000000 -0.000880 2 1.570796 6.150000 2 -1.570796 3.400000 7
1.329700 0.000000 -0.000000 -0.001210 0.000000 -0.000880 2 1.570796 6.150000 12 -1.570796 3.400000 8
1.346700 0.000000 -0.000000 -0.001230 0.000000 -0.000880 2 1.570796 6.150000 2 -1.570796 3.400000 7
1.362900 0.000000 -0.000000 -0.001240 0.000000 -0.000880 2 1.570796 6.150000 12 -1.570796 3.400000 8
1.379500 0.000000 -0.000000 -0.001260 0.000000 -0.000880 2 1.570796 6.150000 2 -1.570796 3.400000 7
1.396500 0.000000 -0.000000 -0.001270 0.000000 -0.000880 2 1.570796 6.150000 12 -1.570796 3.400000 9
1.413300 0.000000 -0.000000 -0.001290 0.000000 -0.000880 2 1.570796 6.150000 2 -1.570796 3.400000 7
1.429800 0.000000 -0.000000 -0.001300 0.000000 -0.000880 2 1.570796 6.150000 12 -1.570796 3.400000 9
1.446200 0.000000 -0.000000 -0.001320 0.000000 -0.000880 2 1.570796 6.150000 2 -1.570796 3.400000 7
1.462900 0.000000 -0.000000 -0.001330 0.000000 -0.000880 2 1.570796 6.150000 12 -1.570796 3.400000 9
1.479700 0.000000 -0.000000 -0.001350 0.000000 -0.000880 2 1.570796 6.150000 2 -1.570796 3.400000 7
1.496600 0.000000 -0.000000 -0.001360 0.000000 -0.000880 2 1.570796 6.150000 12 -1.570796 3.400000 9
1.513000 0.000000 -0.000000 -0.001380 0.000000 -0.000880 2 1.570796 6.150000 2 -1.570796 3.400000 7
1.529800 0.000000 -0.000000 -0.001390 0.000000 -0.000880 2 1.570796 6.150000 12 -1.570796 3.400000 9
1.546200 0.000000 -0.000000 -0.001410 0.000000 -0.000880 2 1.570796 6.150000 2 -1.570796 3.400000 7
1.563100 0.000000 -0.000000 -0.001420 0.000000 -0.000880 2 1.570796 6.150000 12 -1.570796 3.400000 9
1.579500 0.000000 -0.000000 -0.001440 0.000000 -0.000880 2 1.570796 6.150000 2 -1.570796 3.400000 7
1.596100 0.000000 -0.000000 -0.001450 0.000000 -0.000880 2 1.570796 6.150000 12 -1.570796 3.400000 9
1.613000 0.000000 -0.000000 -0.001470 0.000000 -0.000880 2 1.570796 6.150000 2 -1.570796 3.400000 7
1.629900 0.000000 -0.000000 -0.001480 0.000000 -0.000880 2 1.570796 6.150000 12 -1.570796 3.400000 9
1.646200 0.000000 -0.000000 -0.001500 0.000000 -0.000880 2 1.570796 6.150000 2 -1.570796 3.400000 7
